0 561 2612 2 2173 3631 1453 2173 870 4385 3664 3386 214 3895 2 2011 319 4039 965 296 390 3386 2612 2 2173 3631 1453 2173 870 4385 4327 1
0 561 3386 3386 3386 3386 3386 3386 3386 3386 3386 3386 3386 4395 2463 517 2621 517 2 3386 3386 3386 3386 3386 3386 3386 3386 3386 3386 3386 2 1
0 561 4377 3374 3721 2 2 1503 4553 517 517 517 517 517 517 517 517 517 517 517 517 517 517 517 517 517 517 517 517 517 517 1
0 561 390 3386 2208 2 2620 2449 319 1676 600 3489 655 3386 1683 3386 3631 517 4401 2157 802 3386 3011 2292 2208 1089 3726 788 4271 2229 740 1
0 561 390 3386 3866 463 3686 2472 1649 2381 2087 319 1679 1527 3489 662 3386 1684 3386 1676 517 4401 1590 517 2454 3386 1412 740 1193 2370 517 1
0 561 10 1141 1743 517 1108 1936 454 10 1141 1743 740 1108 1936 3482 740 201 1694 565 2621 4335 960 403 1528 740 2379 788 1684 326 936 1
0 561 403 3326 517 1340 517 3326 510 2385 2 1765 4431 2379 4249 517 2632 1150 2816 3948 4203 3326 517 1340 517 3326 510 2385 1466 2 965 1
0 561 112 2270 4327 1100 112 2270 4327 1100 853 2439 960 1662 189 4275 319 4327 103 2295 4461 1584 740 2644 3386 2 3162 2 4391 3386 2 1
0 561 976 2577 3011 3630 517 2 976 2577 3011 3630 517 2 842 319 2295 3878 4269 739 92 2378 579 798 3878 1887 403 4502 2 1614 740 1
0 561 2 3239 517 557 2 536 2173 525 319 2 262 853 3717 2 740 740 740 4465 2621 3577 3944 3686 853 3671 373 3835 2 3239 517 1
0 561 3707 887 766 960 197 2 2 4327 1616 2217 788 2621 3214 1330 960 1449 4386 2766 740 517 2918 2 4083 2 517 2 4287 3605 3238 1
0 561 1684 4223 3379 2 730 4540 2 2906 730 2 1684 3142 3302 1221 2584 4083 2 965 3712 4287 1108 637 1213 1108 1806 2188 3080 1213 171 1
0 561 865 960 2208 3478 517 1503 1492 2295 960 4594 2 740 3866 2640 4388 4260 3384 2208 2 2378 853 3361 3458 1694 2295 4260 3629 3866 2620 1
0 561 3302 2208 1725 2451 4518 2 2376 3942 2 2 319 2371 1236 3715 2897 319 4572 740 517 853 1518 3878 1887 4296 447 2145 2173 2 4518 1
0 561 3962 3386 2 517 2632 517 2 517 2 517 2 517 3776 3248 3662 3962 740 740 740 3583 3358 4555 740 2414 3549 3386 130 517 1678 1
0 561 740 4526 319 216 1533 788 2 1694 4327 1049 711 1340 2 2378 1465 2378 2295 4461 853 2763 2173 853 1424 1662 4327 2265 2090 740 4327 1
0 561 390 3386 2090 2 517 3374 960 2 3194 1881 865 960 2 197 3205 740 3413 1494 2584 4314 517 517 517 4314 2 517 517 4306 3386 1
0 561 2 2499 2 4423 4081 3591 2238 2 3457 3686 853 100 740 1805 1180 2584 2 517 517 517 517 517 517 517 517 517 517 517 517 1
0 561 853 2349 1725 3228 960 1330 2734 1166 3964 2715 988 740 4083 4237 517 3317 3386 615 4287 1263 2854 3386 3635 1586 4066 740 2 3386 3162 1
0 561 2 4093 74 517 2348 2472 1682 2381 2268 2 1004 3386 1375 4093 4503 2 602 2295 4000 2621 1375 4440 3386 2529 2585 3386 4306 3386 965 1
0 561 2 2105 3664 3386 1761 4557 2 2 1270 305 740 3152 1567 2 4048 1679 965 1678 305 3422 740 4327 3205 1662 3707 1503 4260 1876 2378 1
0 561 390 3386 3955 1863 3011 2 2 4526 319 4327 3531 2295 4244 4156 4243 2707 1694 4001 2378 2134 967 1528 740 3019 2080 1802 4549 1694 3619 1
0 561 2607 3386 4431 4327 396 4423 2946 2668 319 4523 2295 1690 935 319 4327 1227 4000 853 3399 798 216 4156 740 4306 3386 965 965 2 2948 1
0 561 4271 517 3226 2741 1532 4271 233 2741 1532 960 2 38 1330 1676 1560 1226 1532 517 2948 549 3213 2741 2 2660 2378 917 517 3221 1676 1
0 561 1121 3667 231 2621 2 620 517 3676 2753 412 3 3 3 3 3 3 3 3 3 3 3 3 3 3 3 3 3 3 3 1
0 561 390 3386 982 447 676 2 2208 447 965 1424 3386 517 676 4260 3061 853 4156 2414 2173 2208 3709 1885 2378 293 517 676 1380 3521 3872 1
0 561 4521 472 517 4308 3637 960 1299 661 3019 3384 3707 3478 517 1503 2378 2208 4238 965 982 1173 740 3866 1265 1233 798 3056 3244 4549 740 1
0 561 2393 1503 3386 2620 3132 853 2349 1634 1049 694 2272 1877 319 1683 2233 3490 1675 3386 919 3386 4581 91 2466 517 517 517 517 517 853 1
0 561 3955 1057 4360 319 2666 2994 3489 1683 3386 1682 3386 657 91 2456 522 2 3011 3386 2 517 655 951 522 3386 262 818 2208 135 517 1
0 561 2 2364 3415 2338 2 517 1615 740 607 4327 412 2364 3415 2378 2 4156 2378 4361 3872 853 2 4281 2379 2378 1949 4026 1427 3314 1116 1
0 561 390 3386 381 2272 4360 319 1675 20 3489 1684 3386 921 3386 2666 517 4401 2 2 2 2 2 2 4360 319 1675 20 3489 1684 3386 1
0 561 804 2295 3878 4269 694 3707 1634 740 740 740 804 2295 3878 4269 694 3707 1634 517 329 2208 4156 1290 887 739 2 2 3686 2 517 1
0 561 99 4445 1881 2 2 2 319 3955 3686 262 740 2080 2182 1155 740 4014 4324 319 2869 2270 319 1240 2690 2 740 3153 14 2646 1056 1
0 561 4523 790 3878 1887 1525 1494 4360 319 662 4088 3490 1677 3386 656 3386 4585 91 2456 4327 3531 2295 2577 4461 1793 420 3475 4523 4327 1227 1
0 561 3591 4104 1689 1986 2295 432 3205 319 676 2640 59 2793 3512 2458 740 2793 853 270 2173 3866 2534 788 2621 925 1694 855 2438 740 3019 1
0 561 2607 3386 3707 788 853 60 4327 3792 2 2166 1492 2295 319 2208 4156 1290 1049 2 3664 2621 2579 2414 319 639 3011 2 4011 4017 2 1
0 561 960 2208 1658 1795 4526 319 216 1533 788 2 1694 4327 1049 711 1340 2 2378 1465 2378 2295 4461 853 2763 2173 853 1424 1662 4327 2265 1
0 561 390 3386 2 4496 4561 2338 319 3011 3011 3011 3011 3011 3011 3011 3011 3011 3011 3011 3011 3011 3011 3011 3011 3011 3011 3011 3011 3011 3011 1
0 561 3866 1701 517 4163 949 1081 2866 2 891 536 4542 740 2 3686 319 3477 4231 740 1805 319 2396 2378 1655 1821 4423 1487 740 1826 319 1
0 561 1439 1634 517 802 3386 3664 3386 2 2 36 184 740 710 2 3386 654 3386 3049 2173 853 2 2 2367 740 740 740 1437 3386 2449 1
0 561 4200 517 2 4600 517 4600 517 4600 517 4600 3834 3176 517 676 4000 2621 2 517 1950 3755 1950 788 3415 1193 740 1677 4083 2 740 1
0 561 390 3386 638 4390 960 1155 2 2681 3835 319 3707 1503 4260 3009 3314 2615 2378 2295 2270 2621 2403 319 4523 4327 196 2 2208 2 2378 1
0 561 858 2378 2213 740 740 740 2208 1634 2378 2 36 2 740 710 887 739 2 740 4087 790 3314 3591 3860 3384 3707 1634 2378 2 36 1
0 561 4042 1863 2 33 960 4181 1458 3379 740 4327 2517 2703 1662 4275 2295 2 1195 197 4461 740 2 319 853 2 1662 4327 3169 2378 1805 1
0 561 2439 517 2650 2 3004 112 1351 2295 880 120 1120 4357 4550 2 1694 3358 2014 326 2217 3004 4213 2 740 2014 998 3821 2295 4000 2 1
0 561 1721 3 3 3 3 3 3 3 3 3 3 3 3 3 3 3 3 3 3 3 3 3 3 3 3 3 3 3 3 1
0 561 390 3386 3955 1863 3011 2738 1283 2 4526 2281 319 4327 3531 2295 4244 4156 4243 2707 1694 4001 2378 2134 967 1528 740 3019 2080 1802 4549 1
0 561 4043 1760 676 228 2378 1492 2295 960 2208 2432 3591 1694 4543 2295 1694 552 2621 2396 1051 4043 3814 3707 1560 740 2270 2295 3205 319 2 1
0 561 545 3878 2108 2353 2378 4068 3707 3071 3686 2208 3671 1437 2295 4001 2378 3563 2 2 740 740 740 1649 740 4584 354 740 3004 1487 31 1
0 561 3592 300 2750 517 2024 853 300 1571 4440 2 2208 2109 2 300 798 3592 788 3149 1111 2295 3004 740 1343 1974 2 2238 171 1868 965 1
0 561 1292 2 4292 2 1750 865 960 2208 4156 3519 3707 2585 3386 201 3416 1351 3386 4306 3386 965 965 2 740 1197 740 462 740 4103 965 1
0 561 2841 2968 4327 2265 214 2643 2 319 4244 1021 2272 272 740 2621 2 522 2173 503 319 1340 1533 214 740 2 319 2 3299 3314 2705 1
0 561 390 3386 3704 637 2681 3835 319 2295 4000 739 714 517 92 3664 2621 872 3453 2378 201 3866 99 1466 2379 3130 1487 798 2 538 740 1
0 561 1116 798 2 3724 4327 1049 2 853 100 1694 564 1859 2208 751 740 4327 412 2378 3205 804 2295 1690 1116 798 2 3724 2238 216 4275 1
0 561 4327 2606 2122 4243 930 339 3004 1525 3031 2 1351 740 3 3 3 3 3 3 3 3 3 3 3 3 3 3 3 3 3 1
0 561 3619 3878 1887 1805 3707 2 2219 319 2445 3878 1887 3415 740 112 3878 1887 853 3399 1662 2295 2299 740 4327 4095 790 3878 1887 2445 2295 1
0 561 3704 1860 676 3004 2546 2378 1455 2295 319 1662 3866 344 788 2 2378 99 3517 932 2725 740 853 99 37 2236 4260 1419 853 932 2173 1
0 561 4039 2004 962 517 1957 1513 2173 2208 1634 4000 739 1583 1340 853 1503 2104 3386 2 36 2 740 790 3605 2943 3605 2292 740 2738 740 1
0 561 4327 1616 2295 2676 3314 1116 3490 517 660 517 659 656 3386 2661 3386 1677 2338 2 2164 2 319 4327 858 2703 2621 4275 3426 355 740 1
0 561 222 197 2621 171 1694 3619 3878 1887 1465 2251 3586 112 2378 3314 1070 3 3 3 3 3 3 3 3 3 3 3 3 3 3 1
0 561 99 938 319 3345 2352 2 788 1578 740 3686 2 740 2 1108 4000 1380 3050 1578 740 2 2 3664 788 1578 740 1340 1533 3030 2 1
0 561 1412 1412 3 3 3 3 3 3 3 3 3 3 3 3 3 3 3 3 3 3 3 3 3 3 3 3 3 3 3 1
0 561 390 3386 3626 688 853 133 2173 853 2 1694 2173 853 2 880 2589 2 2655 1638 319 1694 4327 513 2655 3917 2272 1795 2014 2 1694 1
0 561 390 3386 2 319 2 2 1773 1401 319 2592 688 960 2 3386 4083 2 4287 2 4579 3880 1166 52 3167 517 3707 4260 3314 246 2741 1
0 561 4290 4450 2 2 743 3289 517 4603 2741 1649 2166 2292 798 4603 3878 1887 2741 676 3004 1796 2378 3756 2621 2 740 130 1662 788 2396 1
0 561 853 688 788 2681 3686 853 1421 3664 2911 390 517 1512 1528 319 85 2238 633 517 2 740 2108 4502 653 390 517 1512 2434 960 2 1
0 561 2814 323 3117 2378 3829 2 4553 99 2590 960 853 1203 3214 319 1460 3490 323 2814 517 3117 798 3419 2 740 4020 4078 2379 2 3214 1
0 561 1155 788 935 2378 2334 798 853 3184 517 2 2 550 2 305 517 517 4083 4253 2 2496 2 4287 517 517 853 2342 740 1887 740 1
0 561 3802 517 3826 965 2404 965 4521 965 2 965 2 965 1374 965 2 4538 798 307 3764 1740 2414 740 740 740 2054 4419 965 2 2793 1
0 561 4389 112 2378 290 2621 4252 740 2 2173 853 2 2454 2676 2 1662 853 2 2378 2 1694 740 798 245 853 272 788 2 740 960 1
0 561 4536 3878 1887 3153 960 853 930 2295 3878 4269 396 2378 1103 3872 216 99 4275 3605 2 372 197 245 2378 2 330 4243 2 3605 795 1
0 561 951 3703 319 1492 2295 960 2208 293 740 2208 135 1596 887 2 960 2487 3221 2 740 657 740 2021 960 853 4323 4260 1258 3686 2208 1
0 561 4327 1616 2295 2676 3314 1116 3490 517 660 517 659 665 3386 3152 3386 921 2338 2 1793 319 4327 858 2703 2621 4275 3426 355 740 710 1
0 561 2047 951 1655 319 2295 1427 3314 3237 2378 3629 3707 536 3664 197 2733 2295 602 1525 3205 197 2 740 853 2 2173 216 2797 788 1662 1
0 561 2 2 135 726 344 2 3696 2 2 740 319 4517 305 319 305 319 3422 2338 319 602 2574 216 2 1839 804 216 1503 4437 1525 1
0 561 99 3453 853 3664 3686 2 3664 2 2 2 2 1340 1108 853 2 2 3386 522 802 2 3386 2 853 2389 2782 3386 3011 2 2173 1
0 561 653 386 517 517 517 517 2 4526 3778 319 2621 2 3196 1427 2869 2 3686 167 835 319 1168 3686 2 2 319 2 2 2270 2621 1
0 561 2 2270 742 2270 2295 1380 1340 4109 853 1330 3478 1330 3760 688 1190 2 2623 1532 373 1157 798 2621 99 2590 2741 4083 2 3386 2 1
0 561 390 3386 1959 960 2295 517 517 3221 2 2338 2281 319 4327 3531 2295 4244 4156 2621 3672 420 3475 740 4411 676 4000 3626 688 960 2295 1
0 561 2 2 740 740 740 740 740 740 740 740 740 740 740 740 740 740 2038 4323 216 1533 788 619 740 3898 2 319 1694 4327 207 1
0 561 3731 4198 517 2 3664 3386 853 4388 2173 853 2 3332 3731 4198 517 2 319 2 3386 2 965 2 965 661 3126 3386 661 965 2 1
0 561 3 3 3 3 3 3 3 3 3 3 3 3 3 3 3 3 3 3 3 3 3 3 3 3 3 3 3 3 3 1
0 561 3 3 3 3 3 3 3 3 3 3 3 3 3 3 3 3 3 3 3 3 3 3 3 3 3 3 3 3 3 1
0 561 3 3 3 3 3 3 3 3 3 3 3 3 3 3 3 3 3 3 3 3 3 3 3 3 3 3 3 3 3 1
0 561 3 3 3 3 3 3 3 3 3 3 3 3 3 3 3 3 3 3 3 3 3 3 3 3 3 3 3 3 3 1
0 561 3 3 3 3 3 3 3 3 3 3 3 3 3 3 3 3 3 3 3 3 3 3 3 3 3 3 3 3 3 1
0 561 3 3 3 3 3 3 3 3 3 3 3 3 3 3 3 3 3 3 3 3 3 3 3 3 3 3 3 3 3 1
0 561 3 3 3 3 3 3 3 3 3 3 3 3 3 3 3 3 3 3 3 3 3 3 3 3 3 3 3 3 3 1
0 561 435 1802 3 3 3 3 3 3 3 3 3 3 3 3 3 3 3 3 3 3 3 3 3 3 3 3 3 3 3 1
0 561 1063 1863 3707 788 853 1503 4039 1395 2272 2 740 710 740 4327 1049 1525 4010 2378 4162 2208 1634 2378 853 1383 3218 740 3386 2 740 1
0 561 1063 1863 3707 788 853 1503 4039 1395 2272 2 740 710 740 4327 1049 1525 4010 2378 4162 2208 1634 2378 853 1383 3218 740 3386 2 740 1
0 561 3664 853 300 2173 2 2268 740 390 3386 4501 2173 4083 3416 3221 3635 740 2292 550 4051 2208 2 3605 4327 228 2378 4501 2378 2346 4083 1
0 561 390 3386 3889 802 740 3011 2 4526 2217 319 3707 2727 2 197 2378 692 216 2499 3878 1887 2 319 3358 1412 2359 216 2207 2 1049 1
0 561 3221 1676 2621 2551 960 4097 3478 517 2 2584 1108 4180 2584 2 2585 3707 1634 788 912 2378 2295 1340 252 517 3416 740 710 798 2482 1
0 561 478 2 447 951 478 3703 676 1690 668 2378 3726 853 461 3517 3686 2208 3704 740 2378 1419 1662 2208 3704 788 1525 364 319 3019 1130 1
0 561 2607 3386 2075 2092 1643 3686 3580 163 2295 2835 790 4440 2 3 3 3 3 3 3 3 3 3 3 3 3 3 3 3 3 1
0 561 1805 2 4324 2208 3281 517 1155 3386 2292 3386 3109 3386 922 2265 3004 2 2 2295 4461 2208 2 4440 676 3004 2621 1509 517 1572 3201 1
0 561 2338 1503 4323 2943 740 2 1634 788 3028 740 3 3 3 3 3 3 3 3 3 3 3 3 3 3 3 3 3 3 3 1
0 561 2607 3386 4327 3878 550 2 740 798 2 1525 2272 2352 2 3004 112 2 4154 3 3 3 3 3 3 3 3 3 3 3 3 1
0 561 848 197 2 1694 2869 2208 3419 188 2782 848 197 2 1694 2869 2208 3419 188 2 2394 965 2 3386 1761 740 2 2 3386 270 965 1
0 561 2219 1332 3386 4287 449 2173 853 1821 2378 2295 2584 3386 4287 2 3 3 3 3 3 3 3 3 3 3 3 3 3 3 3 1
0 561 4039 2004 962 517 1957 1513 2173 2208 1634 4000 739 1583 1340 853 1503 2104 3386 2 36 2 740 710 740 1315 3605 2943 3605 2068 740 1
0 561 1612 2378 2380 2272 3478 517 2207 2 517 2642 1680 3667 1679 319 3489 1612 2378 2380 2272 3478 517 2207 2 517 2642 1680 1409 4017 2905 1
0 561 4411 4124 412 790 2 1639 1294 2445 1155 3778 2186 788 853 2 2173 2436 740 517 3401 2 517 190 3936 2173 853 2226 2 2 1236 1
0 561 2557 962 3707 4260 3314 3866 4243 2 676 4000 4538 4244 1367 2378 1536 2621 3404 2378 2295 3686 819 3915 1694 1155 788 2012 3872 2584 2208 1
0 561 4327 4001 2208 2 3504 1340 2472 2659 2381 2272 1676 517 657 4482 3587 517 1568 2238 790 1875 1454 517 2342 2584 517 2108 2 2 2 1
0 561 4516 1412 1805 1649 403 3386 1166 834 86 1166 381 982 834 2584 3866 4529 4238 1694 982 3948 4546 3415 301 2 939 3357 216 2 960 1
0 561 1445 197 4440 2 2 3664 2 2934 3872 2445 853 2 788 2352 4461 2529 1802 4549 2 3386 339 3004 3855 2352 339 1380 2378 1724 853 1
0 561 2295 163 319 163 2295 4440 2 3386 4287 2 3 3 3 3 3 3 3 3 3 3 3 3 3 3 3 3 3 3 3 1
0 561 3399 3612 517 2 517 2 2 309 517 517 2 951 2545 319 4327 4000 3985 2208 4275 1694 4327 1616 1662 853 2268 2370 3914 3314 2173 1
0 561 3826 2 2 1412 740 2521 3912 965 2 36 3221 2 740 657 4083 2 3632 2342 517 2 4287 4502 1412 1560 2751 319 1649 4497 960 1
0 561 932 1130 951 344 2173 853 1920 522 319 2378 238 3866 3240 853 2890 280 1694 145 2 2378 3951 2203 319 676 3004 2 2 3866 2 1
0 561 676 3004 4001 2295 2 1887 2 2 2488 1491 26 960 2208 3035 3386 339 4001 2208 2640 2584 853 2182 2173 4299 798 305 3686 3969 319 1
0 561 2 884 2 1568 2238 2 4526 3 3 3 3 3 3 3 3 3 3 3 3 3 3 3 3 3 3 3 3 3 3 1
0 561 2 960 2295 740 3664 853 4388 2173 214 740 2 2 2 344 2173 2 3653 2981 1920 235 305 300 1453 2426 3878 1887 2 1680 965 1
0 561 2 2338 319 3707 788 2621 342 1155 562 740 676 3004 18 960 939 4026 2676 3314 1116 798 1334 1234 965 2108 3664 4423 740 3707 4335 1
0 561 4473 1662 3524 2295 2980 167 135 129 4083 2 2 2948 517 1794 36 1675 4287 4000 2295 410 2208 315 135 133 3029 4440 804 2295 3004 1
0 561 1063 1863 4526 740 3707 788 853 3851 517 3521 2379 2272 1803 517 2 517 1649 740 4599 740 100 740 3422 740 4327 3878 550 4006 4327 1
0 561 2816 240 798 1351 3878 1887 1421 2681 1821 2584 2733 790 1427 4000 739 901 2733 2295 3985 3416 2 740 2 740 2 412 2378 1130 2295 1
0 561 3121 740 740 740 112 2343 3181 802 3386 2738 2 1437 3386 736 319 1683 1527 3489 1679 3386 919 3386 4580 91 2 1590 517 2454 3386 1
0 561 2640 2 798 2 1340 1833 2378 216 2 740 2 2674 798 2 3 3 3 3 3 3 3 3 3 3 3 3 3 3 3 1
0 561 1802 2295 2299 2 1492 2295 960 2208 743 2584 2 2 4244 2 1599 1479 798 2793 245 2378 3055 2 2793 804 2295 3004 4395 1881 939 1
0 561 2393 1503 3386 3001 4035 960 4589 853 2349 1634 1049 694 2272 1877 319 1683 2233 3490 1675 3386 657 3386 919 2 3664 1503 2948 740 2 1
0 561 390 3386 2 740 740 740 3001 2238 2208 4474 1658 740 1108 4180 112 4454 1487 2 798 2 319 853 99 1626 2477 2 3686 2472 1675 1
0 561 853 2 1045 2378 1805 2621 3064 676 1380 2640 2584 2733 2 2 1318 887 739 112 960 2295 740 2238 3866 461 2 798 2179 2378 3866 1
0 561 4327 4333 790 1049 2315 2 2338 216 1533 788 2 740 4327 1343 798 1453 740 2 1694 4327 2265 18 960 2621 2075 2864 2238 2621 2075 1
0 561 2 36 378 2 2900 2591 3707 2707 960 2621 2777 2 798 2 804 853 2 4414 2 2378 608 853 996 319 4523 2 2 696 369 1
0 561 2 1512 932 1130 951 1373 3703 319 517 3866 99 932 3948 4260 2640 2295 2378 2 2 2244 3517 1694 2378 231 2208 856 798 2382 740 1
0 561 4179 2376 1528 2584 3 3 3 3 3 3 3 3 3 3 3 3 3 3 3 3 3 3 3 3 3 3 3 3 3 1
0 561 3019 319 2 740 2338 319 4327 2265 2621 3104 2173 2 319 1022 2173 853 2668 190 270 2173 2 4083 270 2 2 558 4287 2733 853 1
0 561 2 951 3738 319 602 2574 216 2 1839 804 216 1503 4437 1525 3716 2208 315 2 740 4327 4260 1517 1952 2270 2621 4076 798 853 2203 1
0 561 3735 4124 1380 3878 2108 2 3 3 3 3 3 3 3 3 3 3 3 3 3 3 3 3 3 3 3 3 3 3 3 1
0 561 2 3035 2 3035 740 3707 2239 1427 3314 2173 2621 2403 2378 2295 319 2270 676 4000 1525 696 798 813 1045 311 740 4327 2780 2295 4260 1
0 561 3664 214 2 2 951 1655 4327 3205 3707 4260 1876 2378 2295 2270 2621 2403 4411 2295 602 1525 3205 197 740 4327 2265 2 2 319 4327 1
0 561 2 77 2681 3835 2378 2352 2157 3878 1887 319 3835 1046 3878 1887 1694 3834 3878 1887 3214 1887 740 2 3787 887 4404 2962 2238 3280 3626 1
0 561 216 2 2 960 197 4327 766 2668 2890 2 319 2615 4423 2272 4461 2 319 1694 2907 2270 2668 2270 2 2188 342 740 342 930 798 1
0 561 390 3386 216 319 1286 2 1023 2 2 319 2 2 3755 2859 2 1694 2 988 740 4237 3386 2 4086 2521 2 2 2738 319 2 1
0 561 4039 2004 962 4083 1063 4287 3707 788 4244 1012 3470 4039 2004 962 740 4039 2378 853 1383 1513 2943 740 1802 36 2 740 710 3 3 1
0 561 602 2295 1597 4440 2 1240 887 482 2792 241 740 1176 930 4208 740 1427 319 2 887 1294 4536 2750 740 3057 1338 2646 2490 2568 740 1
0 561 2 2208 3591 1445 2378 848 3416 804 2295 3878 390 798 4001 2173 3525 256 2560 2378 4080 2208 2897 965 3637 319 3789 3386 517 76 1503 1
0 561 3755 2 2584 2 1998 2458 517 965 965 2771 1793 3044 965 965 2 1998 2068 740 4029 2 965 965 1548 1998 1053 2 2002 965 1791 1
0 561 1805 1662 99 1375 2 939 2 4484 2188 2 798 813 2 1192 1380 1294 1694 49 2445 939 4534 1694 245 742 2173 790 339 3004 4010 1
0 561 1087 3386 4327 2 3707 1503 4260 1525 3314 2621 2403 2378 2295 740 4327 2265 4244 2 2238 853 1602 2173 2 2560 1694 2715 798 3923 2500 1
0 561 1948 2 2640 1805 2621 2 3415 3686 853 1330 3473 3667 2590 3787 1427 1676 2381 319 3490 517 517 960 2826 634 1699 1694 3746 3386 1819 1
0 561 245 4260 3707 49 853 2743 4009 960 354 3704 2295 2123 740 1040 2 3357 2621 3965 2 2188 2 3370 1111 2295 1380 1652 2295 3878 4269 1
0 561 333 3386 2 3386 2 602 2342 228 550 3386 2188 3386 2 3386 2 3386 1592 3386 2270 3386 213 3667 1793 2793 2 3386 2 4440 2295 1
0 561 4039 1063 3386 2 550 740 2 4083 550 740 2 36 2 740 2604 4287 1509 2208 1634 654 3386 858 2378 2213 740 740 740 1049 1525 1
0 561 3035 3386 853 2011 319 3283 1886 3061 2 1270 4009 3591 965 1886 2 1395 160 4581 2839 740 349 740 3715 2214 1234 740 1398 740 1296 1
0 561 3889 3386 2443 2238 2 1962 740 390 3386 2443 2 740 4327 3795 2378 1517 3280 3591 1689 2378 2295 319 262 4327 4000 2 2208 848 2585 1
0 561 1108 765 740 740 740 514 2419 2584 2 2208 2 740 1108 2 517 517 517 514 2419 2584 853 1438 2838 2173 2734 1662 2 438 2103 1
0 561 2174 126 3011 2 853 2174 126 1221 1442 792 768 497 740 3771 517 3493 1108 1229 517 31 3221 2 2229 2584 1528 10 1380 3314 2621 1
0 561 2 4170 2577 676 2606 2378 848 2295 1584 4461 2 2208 4423 2272 2621 3187 2434 740 676 163 4395 2378 3619 2295 3205 1662 676 4000 3153 1
0 561 4049 3871 319 2414 4367 869 319 721 1445 740 468 697 1297 4571 740 4241 1023 2 4200 2270 740 2 2838 2697 2 740 1237 1586 4297 1
0 561 1463 3386 2 517 853 120 3448 4536 3386 2 602 2342 228 550 3386 2188 3386 2 3386 2 3386 1592 3386 2270 3386 213 3667 1793 2793 1
0 561 3760 3707 2701 517 1377 2741 2647 2 319 311 676 3269 517 2396 2315 517 790 788 745 1662 4083 2342 2621 3044 1234 4287 2 4000 2396 1
0 561 2 3206 517 764 1037 2038 2 764 1037 2 3314 3686 449 740 2205 2208 207 4445 740 3664 3712 740 1265 1962 4212 2292 319 3179 3416 1
0 561 390 1292 2948 1750 3 3 3 3 3 3 3 3 3 3 3 3 3 3 3 3 3 3 3 3 3 3 3 3 3 1
0 561 1649 2987 517 1634 517 1802 3386 1887 2106 4120 2292 2 2 2 1649 1234 2658 775 1906 2 1912 2 694 3386 3664 2 2738 740 2 1
0 561 517 517 4229 76 982 4260 1574 4238 2 2217 788 1108 2 3686 2378 790 2584 853 849 1045 2173 982 3707 2 788 2 76 3478 517 1
0 561 390 3386 2783 2092 2 2 2584 802 3314 2 3 3 3 3 3 3 3 3 3 3 3 3 3 3 3 3 3 3 3 1
0 561 3716 2213 1528 319 4124 3878 1887 3600 1533 3386 2 3481 3386 2661 2 3386 2292 3878 2521 4083 2 2 4287 18 960 2621 1238 2188 2621 1
0 561 403 2 2793 4238 2 2793 4014 2 2 3379 1532 1597 2378 2208 3709 2584 3707 2 2385 2 2208 522 960 853 1760 740 790 887 3043 1
0 561 403 2 2793 4238 2 2793 4014 2 2 3379 1532 1597 2378 2208 3709 2584 3707 2 2385 2 2208 522 960 853 1760 740 790 887 3043 1
0 561 1063 1863 4526 740 3707 788 853 3851 517 3521 2379 2272 3957 2738 740 2 740 100 740 4327 3878 550 4006 4327 439 3878 2108 4010 2378 1
0 561 3283 688 2934 3872 2445 853 2 788 2352 4461 2529 1802 4549 853 2 545 3878 2108 1445 2 960 2529 1673 4244 2551 740 2621 2 788 1
0 561 1108 2529 2332 3570 2584 2219 790 4406 3386 4287 2370 517 177 3386 4063 965 4254 3605 2370 517 4501 517 2 3386 2 517 2 3707 788 1
0 561 2393 1503 3386 3001 4035 960 4589 853 2349 1634 1049 694 2272 1877 319 1683 2233 3490 662 3386 919 3386 2659 517 1336 3664 1503 36 2 1
0 561 2 960 2621 3382 319 3878 2 853 1458 1108 2 3416 2 2 2 3866 3664 2 853 2080 517 2 2173 788 3686 2295 2270 2 2621 1
0 561 1528 788 853 1155 2378 1805 4244 2947 3064 3 3 3 3 3 3 3 3 3 3 3 3 3 3 3 3 3 3 3 3 1
0 561 2208 293 2219 2 319 3 3 3 3 3 3 3 3 3 3 3 3 3 3 3 3 3 3 3 3 3 3 3 3 1
0 561 390 3386 2 230 4600 2272 655 517 657 3967 2 2 2 2 2 2 2 2 2 2 2 2 2 2 2 2 2 3 3 1
